10.22
10.23
10.22
10.24
10.19
10.25
10.24
10.24
10.2
10.26
10.22
10.24
10.22
10.26
10.26
10.24
10.25
10.25
10.24
10.24
10.24
10.25
10.24
10.25
10.23
10.24
10.24
10.24
10.24
10.25
10.28
10.27
10.23
10.19
10.25
10.2
10.26
10.24
10.27
10.26
10.3
10.23
10.24
10.2
10.24
10.22
10.31
10.24
10.26
10.33
10.26
10.26
10.24
10.2
10.28
10.34
10.25
10.27
10.24
10.25
10.24
10.27
10.24
10.24
10.25
10.28
10.29
10.27
10.24
10.25
10.23
10.27
10.27
10.2
10.21
10.22
10.21
10.22
10.17
10.21
10.25
10.21
10.23
10.22
10.2
10.21
10.21
10.23
10.21
10.27
10.2
10.21
10.2
10.21
10.2
10.22
10.19
10.25
10.2
10.24
10.25
10.27
10.23
10.19
10.23
10.21
10.22
10.2
10.22
10.21
10.24
10.21
10.21
10.3
10.22
10.27
10.23
10.22
10.18
10.21
10.23
10.25
10.22
10.2
10.23
10.21
10.31
10.21
10.24
10.18
10.24
10.25
10.21
10.2
10.24
10.24
10.23
10.22
10.22
10.21
10.22
10.27
10.2
10.23
10.24
10.25
10.22
10.24
10.28
10.22
10.18
10.24
10.2
10.22
10.25
10.2
10.19
10.16
10.27
10.25
10.21
10.26
10.21
10.23
10.22
10.21
10.2
10.25
10.22
10.2
10.21
10.21
10.25
10.21
10.21
10.24
10.35
10.27
10.35
10.26
10.23
10.18
10.2
10.17
10.24
10.24
10.24
10.21
10.22
10.17
10.19
10.22
10.27
10.21
10.21
10.19
10.26
10.23
10.18
10.21
10.27
10.19
10.22
10.22
10.24
10.17
10.23
10.23
10.25
10.22
10.22
10.22
10.22
10.28
10.24
10.23
10.2
10.2
10.21
10.2
10.24
10.2
10.2
10.21
10.23
10.22
10.19
10.21
10.22
10.23
10.26
10.22
10.24
10.23
10.21
10.23
10.15
10.24
10.25
10.24
10.22
10.21
10.21
10.25
10.27
10.24
10.26
10.22
10.25
10.24
10.25
10.25
10.2
10.28
10.23
10.22
10.2
10.25
10.18
10.22
10.27
10.23
10.25
10.28
10.24
10.18
10.33
10.2
10.25
10.24
10.25
10.25
10.19
10.23
10.19
10.25
10.23
10.22
10.21
10.26
10.21
10.21
10.23
10.22
10.23
10.19
10.22
10.25
10.22
10.18
10.29
10.27
10.25
10.2
10.2
10.2
10.22
10.24
10.18
10.19
10.24
10.23
10.24
10.25
10.25
10.2
10.31
10.2
10.18
10.2
10.24
10.2
10.22
10.2
10.26
10.25
10.2
10.21
10.22
10.24
10.23
10.24
10.24
10.19
10.24
10.25
10.17
10.26
10.21
10.22
10.24
10.21
10.2
10.23
10.2
10.24
10.22
10.22
10.23
10.25
10.24
10.23
10.31
10.23
10.22
10.24
10.22
10.23
10.18
10.24
10.23
10.18
10.23
10.24
10.23
10.26
10.21
10.22
10.25
10.22
10.21
10.2
10.23
10.27
10.25
10.22
10.22
10.22
10.21
10.25
10.32
10.19
10.23
10.25
10.23
10.21
10.21
10.22
10.26
10.23
10.22
10.22
10.23
10.25
10.22
10.21
10.25
10.2
10.24
10.25
10.24
10.26
10.24
10.2
10.22
10.23
10.23
10.22
10.19
10.25
10.23
10.19
10.25
10.28
10.24
10.25
10.23
10.26
10.22
10.2
10.2
10.24
10.22
10.21
10.24
10.22
10.24
10.2
10.23
10.25
10.22
10.23
10.22
10.2
10.23
10.25
10.21
10.22
10.23
10.24
10.22
10.2
10.22
10.23
10.23
10.22
10.24
10.24
10.22
10.23
10.23
10.24
10.22
10.26
10.22
10.22
10.26
10.24
10.2
10.25
10.23
10.21
10.27
10.2
10.22
10.19
10.24
10.22
10.23
10.19
10.25
10.22
10.23
10.25
10.27
10.24
10.21
10.17
10.19
10.22
10.21
10.21
10.23
10.25
10.21
10.23
10.19
10.24
10.26
10.26
10.21
10.25
10.25
10.22
10.27
10.23
10.21
10.22
10.23
10.21
10.21
10.23
10.24
10.25
10.21
10.23
10.22
10.23
10.17
10.23
10.25
10.22
10.29
10.25
10.24
10.18
10.19
10.27
10.21
10.25
10.23
10.22
10.19
